==================================================
GENETIC ALGORITHM OPTIMIZATION REPORT
Timestamp: 2026-04-17_11-15-39
==================================================

FINAL BEST FITNESS: 162898

OPTIMAL CONTRACT (JOB SEQUENCE):
[14, 64, 119, 183, 2, 171, 20, 82, 177, 57, 73, 102, 108, 117, 109, 101, 198, 89, 86, 94, 197, 104, 187, 132, 194, 125, 174, 118, 121, 58, 133, 96, 120, 123, 83, 9, 79, 55, 84, 176, 24, 184, 78, 10, 50, 199, 52, 164, 49, 107, 56, 37, 39, 172, 71, 28, 144, 74, 19, 156, 179, 30, 27, 146, 35, 29, 70, 16, 126, 140, 62, 122, 8, 110, 145, 192, 97, 31, 127, 63, 67, 12, 92, 17, 180, 13, 6, 151, 23, 88, 46, 61, 77, 113, 160, 158, 59, 98, 91, 38, 25, 189, 128, 163, 143, 162, 152, 1, 11, 68, 22, 7, 130, 48, 69, 18, 99, 3, 141, 138, 87, 44, 169, 111, 161, 80, 167, 195, 34, 42, 0, 191, 150, 5, 112, 166, 36, 85, 129, 32, 157, 53, 178, 115, 4, 43, 190, 65, 134, 106, 188, 149, 170, 76, 21, 72, 75, 26, 173, 95, 193, 159, 54, 165, 33, 181, 168, 41, 116, 154, 47, 196, 66, 100, 137, 186, 90, 45, 139, 40, 81, 175, 51, 147, 103, 60, 131, 105, 135, 114, 182, 153, 185, 15, 124, 142, 155, 93, 148, 136]

==================================================
ISLAND CONFIGURATIONS USED:
Island 0: Tournament | OrderCrossover | InversionMutation (Pop: 50)
Island 1: RankBased | PartiallyMappedCrossover | InsertionMutation (Pop: 50)
Island 2: Roulette | CycleCrossover | ScrambleMutation (Pop: 60)
Island 3: Tournament | OrderCrossover | ScrambleMutation (Pop: 40)
Island 4: RankBased | CycleCrossover | InversionMutation (Pop: 50)
==================================================